158377
140880
135541
133752
131391
124224
118234
113230
111887
108572
104853
104185
103806
103753
103665
103397
103317
102758
102311
102275
101833
101452
99716
99709
99705
98882
98724
98378
97799
97460
97134
96320
94930
94495
93895
93654
93128
92606
91962
91949
91929
91031
90918
90680
90629
90272
89839
89824
89785
89464
89457
89220
88430
88340
88294
88207
88196
87793
87203
86846
86538
86529
86498
85862
85842
85826
85757
85376
85094
85086
84543
84361
84137
84124
84073
84045
83788
83693
83682
83370
83272
83158
82757
82735
82535
82452
82438
82340
82066
81833
81766
81547
81298
80880
80811
80355
80018
79690
79650
79546
79304
79304
79243
78828
78632
78525
78215
78174
78088
78040
77907
77756
77566
77327
77261
76861
76796
76734
76705
76505
76463
76396
76260
76230
76095
75830
75711
75600
75438
75413
75298
75262
75179
75142
75127
74872
74697
74694
74687
74444
74428
74412
74336
74217
74168
74146
74057
74005
74004
73951
73943
73907
73902
73741
73533
73524
73381
73361
73349
73283
73256
73227
73164
73122
72945
72939
72909
72907
72847
72844
72666
72551
72548
72468
72413
72313
72279
72178
72148
72001
71977
71906
71893
71678
71553
71440
71418
71367
71223
71132
71109
71056
70856
70685
70435
70434
70368
70296
70251
70213
70191
70177
70159
70142
70119
70096
70050
69795
69736
69716
69688
69504
69472
69438
69371
69364
69298
69273
69234
69206
69147
69080
69060
68990
68953
68914
68890
68841
68355
68310
68290
68184
68081
68039
67942
67920
67879
67719
67714
67632
67631
67609
67597
67551
67544
67504
67479
67444
67434
67354
67298
67226
67220
67219
67200
67164
67093
67060
66986
66870
66668
66666
66589
66560
66559
66530
66473
66387
66356
66345
66294
66211
66151
66105
66071
66032
65995
65984
65974
65781
65741
65698
65678
65571
65508
65502
65463
65441
65422
65414
65339
65309
65306
65302
65071
65065
65063
65056
64969
64959
64948
64935
64910
64896
64798
64711
64684
64680
64678
64623
64572
64526
64525
64521
64485
64448
64378
64368
64352
64285
64241
64208
64196
64196
64178
64170
64118
64020
63972
63944
63870
63844
63831
63754
63673
63607
63478
63402
63398
63363
63358
63317
63257
63224
63220
63210
63191
63183
63160
63073
63066
63029
63025
62964
62869
62857
62763
62712
62645
62624
62581
62560
62476
62474
62454
62428
62393
62310
62249
62223
62209
62187
62167
62151
62133
62120
62114
62114
62046
61981
61903
61870
61864
61798
61794
61712
61704
61632
61602
61552
61496
61455
61439
61429
61381
61369
61307
61307
61267
61247
61232
61210
61207
61169
61163
61152
61129
61092
60958
60926
60923
60860
60847
60820
60816
60802
60797
60782
60743
60739
60734
60669
60636
60574
60446
60429
60394
60314
60314
60299
60291
60256
60255
60255
60176
60174
60172
60127
60041
60022
60015
60006
59977
59963
59893
59801
59746
59704
59688
59639
59593
59582
59552
59551
59513
59488
59486
59327
59325
59314
59309
59292
59286
59266
59242
59197
59181
59153
59126
59100
59080
59066
59040
59032
59004
58968
58950
58949
58926
58881
58875
58866
58822
58814
58777
58721
58711
58686
58654
58578
58570
58563
58463
58455
58382
58321
58309
58265
58236
58114
58092
58080
58070
58039
58035
58021
58015
58005
57997
57956
57867
57862
57862
57831
57814
57744
57723
57687
57614
57613
57560
57534
57497
57471
57461
57457
57405
57384
57371
57359
57343
57333
57329
57320
57299
57295
57281
57268
57258
57237
57233
57184
57172
57134
57054
57027
56996
56992
56988
56972
56961
56932
56884
56865
56862
56846
56818
56786
56776
56767
56706
56626
56603
56555
56499
56483
56449
56399
56392
56385
56355
56353
56327
56266
56247
56233
56213
56167
56156
56153
56151
56130
56122
56085
56074
56052
56031
56005
55950
55923
55884
55858
55749
55748
55747
55725
55715
55700
55675
55672
55653
55623
55614
55592
55581
55554
55547
55546
55526
55520
55510
55483
55463
55460
55444
55441
55435
55414
55398
55393
55385
55351
55331
55310
55306
55301
55286
55275
55272
55246
55228
55220
55219
55209
55198
55192
55168
55126
55109
55099
55075
55034
55030
55019
55005
55001
54998
54990
54965
54894
54894
54889
54871
54859
54838
54755
54755
54697
54667
54646
54643
54630
54617
54588
54549
54541
54539
54506
54482
54407
54401
54376
54349
54319
54217
54214
54210
54191
54183
54137
54126
54117
54090
54042
54016
54013
54006
54002
53997
53996
53901
53899
53896
53871
53848
53745
53729
53711
53696
53677
53656
53651
53622
53548
53533
53516
53481
53464
53463
53428
53428
53390
53356
53308
53260
53186
53180
53169
53146
53146
53125
53073
53044
53032
53018
53016
52983
52980
52979
52966
52957
52955
52951
52936
52922
52905
52893
52879
52875
52853
52844
52819
52777
52774
52752
52746
52721
52672
52661
52656
52649
52637
52627
52586
52576
52538
52536
52528
52520
52519
52492
52489
52487
52478
52474
52470
52431
52427
52422
52391
52353
52334
52333
52322
52309
52290
52283
52252
52246
52233
52230
52211
52201
52192
52146
52146
52133
52132
52093
52082
52064
51991
51989
51979
51961
51960
51947
51944
51921
51894
51856
51856
51816
51763
51749
51663
51658
51638
51633
51622
51605
51595
51545
51538
51514
51498
51497
51474
51454
51407
51375
51370
51362
51350
51326
51326
51275
51266
51241
51207
51158
51158
51142
51106
51096
51081
51079
51072
51069
51066
51065
51052
51014
50960
50945
50939
50872
50868
50867
50858
50847
50823
50816
50814
50808
50785
50740
50718
50690
50684
50668
50664
50663
50623
50620
50521
50509
50507
50506
50500
50499
50444
50438
50381
50371
50359
50356
50354
50346
50324
50319
50298
50282
50260
50254
50242
50214
50210
50202
50200
50157
50157
50148
50140
50124
50083
50047
50034
50007
50003
49972
49970
49967
49964
49954
49943
49936
49902
49898
49891
49880
49876
49872
49858
49843
49827
49823
49819
49800
49796
49792
49781
49755
49741
49726
49719
49695
49691
49683
49662
49629
49624
49611
49576
49571
49550
49538
49534
49532
49525
49513
49492
49489
49488
49480
49477
49471
49461
49421
49417
49405
49380
49345
49340
49338
49290
49286
49282
49241
49229
49214
49189
49188
49188
49186
49181
49177
49163
49161
49159
49156
49154
49152
49104
49089
49063
49055
49024
49020
49018
49016
49005
48982
48978
48963
48962
48952
48951
48949
48941
48939
48938
48921
48906
48875
48868
48866
48858
48814
48810
