0.0105
0.0108
0.0114
0.0130
0.0132
0.0166
0.0166
0.0166
0.0167
0.0167
0.0168
0.0170
0.0172
0.0174
0.0178
0.0183
0.0189
0.0189
0.0195
0.0204
0.0205
0.0206
0.0206
0.0210
0.0212
0.0212
0.0215
0.0216
0.0230
0.0238
0.0247
0.0248
0.0258
0.0258
0.0258
0.0264
0.0290
0.0315
0.0327
0.0358
0.0363
0.0367
0.0370
0.0371
0.0374
0.0376
0.0377
0.0382
0.0384
0.0386
0.0390
0.0394
0.0398
0.0405
0.0412
0.0419
0.0425
0.0435
0.0437
0.0448
0.0449
0.0466
0.0487
0.0488
0.0489
0.0498
0.0502
0.0506
0.0508
0.0511
0.0513
0.0517
0.0519
0.0530
0.0531
0.0554
0.0595
0.0623
0.0639
0.0659
0.0717
0.0743
0.0749
0.0750
0.0773
0.0816
0.0859
0.0867
0.0877
0.0890
0.0913
0.0915
0.0918
0.0919
0.0921
0.0921
0.0924
0.0925
0.0937
0.0940
0.0949
0.0950
0.0971
0.0974
0.0988
0.0992
0.1006
0.1008
0.1011
0.1013
0.1013
0.1014
0.1021
0.1021
0.1028
0.1031
0.1033
0.1038
0.1053
0.1054
0.1108
0.1132
0.1132
0.1136
0.1161
0.1178
0.1198
0.1211
0.1213
0.1262
0.1277
0.1278
0.1278
0.1279
0.1279
0.1294
0.1295
0.1296
0.1341
0.1350
0.1395
0.1402
0.1405
0.1422
0.1431
0.1456
0.1464
0.1472
0.1475
0.1482
0.1509
0.1534
0.1539
0.1555
0.1558
0.1561
0.1563
0.1564
0.1566
0.1567
0.1569
0.1576
0.1576
0.1585
0.1602
0.1606
0.1619
0.1621
0.1628
0.1629
0.1637
0.1639
0.1644
0.1646
0.1646
0.1652
0.1654
0.1661
0.1667
0.1685
0.1707
0.1742
0.1742
0.1753
0.1756
0.1760
0.1777
0.1789
0.1803
0.1817
0.1823
0.1834
0.1867
0.1869
0.1871
0.1888
0.1900
0.1903
0.1908
0.1910
0.1916
0.1917
0.1920
0.1920
0.1920
0.1923
0.1924
0.1931
0.1933
0.1936
0.1941
0.1942
0.1951
0.1954
0.1966
0.1966
0.1971
0.1977
0.1978
0.1984
0.1987
0.2024
0.2043
0.2052
0.2054
0.2056
0.2063
0.2070
0.2073
0.2106
0.2134
0.2135
0.2167
0.2175
0.2192
0.2196
0.2210
0.2225
0.2226
0.2240
0.2271
0.2275
0.2276
0.2277
0.2279
0.2286
0.2292
0.2302
0.2318
0.2322
0.2324
0.2340
0.2351
0.2353
0.2359
0.2406
0.2407
0.2407
0.2410
0.2419
0.2432
0.2433
0.2442
0.2444
0.2447
0.2457
0.2459
0.2479
0.2481
0.2483
0.2485
0.2486
0.2489
0.2493
0.2494
0.2495
0.2495
0.2495
0.2500
0.2500
0.2530
0.2564
0.2565
0.2567
0.2597
0.2601
0.2615
0.2615
0.2624
0.2626
0.2641
0.2643
0.2660
0.2663
0.2666
0.2683
0.2687
0.2688
0.2693
0.2694
0.2696
0.2696
0.2697
0.2708
0.2721
0.2727
0.2736
0.2749
0.2750
0.2753
0.2758
0.2767
0.2775
0.2778
0.2786
0.2790
0.2798
0.2802
0.2825
0.2825
0.2833
0.2862
0.2873
0.2878
0.2884
0.2906
0.2907
0.2917
0.2925
0.2928
0.2933
0.2933
0.2934
0.2947
0.2952
0.2957
0.2967
0.2979
0.3007
0.3021
0.3032
0.3032
0.3060
0.3112
0.3127
0.3128
0.3130
0.3130
0.3141
0.3160
0.3164
0.3168
0.3194
0.3197
0.3197
0.3199
0.3204
0.3206
0.3207
0.3207
0.3210
0.3213
0.3213
0.3213
0.3214
0.3215
0.3217
0.3217
0.3233
0.3237
0.3245
0.3246
0.3248
0.3260
0.3294
0.3369
0.3370
0.3381
0.3384
0.3385
0.3393
0.3395
0.3398
0.3410
0.3421
0.3433
0.3439
0.3439
0.3441
0.3442
0.3444
0.3445
0.3445
0.3453
0.3454
0.3457
0.3458
0.3460
0.3461
0.3462
0.3472
0.3479
0.3482
0.3488
0.3506
0.3507
0.3508
0.3508
0.3509
0.3509
0.3512
0.3513
0.3524
0.3530
0.3538
0.3546
0.3547
0.3551
0.3551
0.3562
0.3574
0.3660
0.3662
0.3677
0.3726
0.3780
0.3781
0.3783
0.3785
0.3787
0.3787
0.3789
0.3789
0.3790
0.3791
0.3794
0.3795
0.3795
0.3830
0.3900
0.3901
0.3901
0.3903
0.3911
0.3915
0.3915
0.3916
0.3917
0.3918
0.3918
0.3924
0.3924
0.3943
0.3947
0.3950
0.3952
0.3958
0.3965
0.3968
0.3976
0.3976
0.4015
0.4043
0.4051
0.4052
0.4062
0.4073
0.4090
0.4092
0.4092
0.4098
0.4099
0.4100
0.4103
0.4108
0.4117
0.4121
0.4133
0.4137
0.4137
0.4139
0.4139
0.4139
0.4142
0.4143
0.4153
0.4165
0.4166
0.4168
0.4169
0.4184
0.4195
0.4198
0.4201
0.4211
0.4216
0.4230
0.4231
0.4234
0.4236
0.4237
0.4239
0.4240
0.4240
0.4248
0.4335
0.4382
0.4395
0.4398
0.4401
0.4408
0.4409
0.4412
0.4413
0.4414
0.4415
0.4417
0.4418
0.4418
0.4420
0.4420
0.4422
0.4423
0.4427
0.4433
0.4433
0.4437
0.4466
0.4477
0.4479
0.4481
0.4485
0.4504
0.4506
0.4508
0.4515
0.4518
0.4522
0.4523
0.4533
0.4536
0.4540
0.4540
0.4544
0.4545
0.4577
0.4580
0.4616
0.4633
0.4646
0.4705
0.4706
0.4711
0.4716
0.4722
0.4722
0.4723
0.4732
0.4753
0.4756
0.4765
0.4778
0.4783
0.4789
0.4792
0.4793
0.4800
0.4801
0.4809
0.4810
0.4811
0.4812
0.4838
0.4843
0.4860
0.4875
0.4879
0.4899
0.4901
0.4905
0.4920
0.4925
0.4932
0.4933
0.4935
0.4936
0.4936
0.4960
0.4962
0.4962
0.4971
0.4983
0.4984
0.5015
0.5022
0.5050
0.5060
0.5061
0.5061
0.5089
0.5111
0.5121
0.5127
0.5128
0.5142
0.5144
0.5149
0.5149
0.5151
0.5153
0.5159
0.5160
0.5528
0.5530
0.5533
0.5541
0.5541
0.5548
0.5550
0.5556
0.5559
0.5564
0.5569
0.5573
0.5575
0.5576
0.5578
0.5581
0.5593
0.5598
0.5607
0.5621
0.5651
0.5658
0.5662
0.5669
0.5678
0.5680
0.5686
0.5691
0.5694
0.5696
0.5698
0.5698
0.5700
0.5700
0.5705
0.5705
0.5705
0.5706
0.5707
0.5708
0.5710
0.5712
0.5712
0.5723
0.5723
0.5724
0.5733
0.5735
0.5737
0.5737
0.5741
0.5750
0.5751
0.5752
0.5763
0.5791
0.5792
0.5798
0.5805
0.5822
0.5846
0.5862
0.5866
0.5867
0.5872
0.5873
0.5892
0.5902
0.5914
0.5921
0.5922
0.5922
0.5923
0.5925
0.5926
0.5927
0.5951
0.5959
0.5962
0.5969
0.5969
0.5982
0.5982
0.5982
0.5983
0.6004
0.6012
0.6017
0.6022
0.6075
0.6083
0.6088
0.6090
0.6285
0.6328
0.6330
0.6336
0.6337
0.6338
0.6343
0.6344
0.6349
0.6355
0.6356
0.6362
0.6364
0.6365
0.6366
0.6368
0.6386
0.6388
0.6411
0.6417
0.6470
0.6488
0.6534
0.6543
0.6546
0.6546
0.6550
0.6561
0.6592
0.6608
0.6613
0.6645
0.6645
0.6655
0.6661
0.6662
0.6662
0.6708
0.6721
0.6862
0.6891
0.6897
0.6912
0.6938
0.6951
0.6953
0.6956
0.6963
0.6967
0.7007
0.7007
0.7011
0.7027
0.7033
0.7042
0.7046
0.7050
0.7060
0.7098
0.7101
0.7109
0.7142
0.7168
0.7186
0.7219
0.7245
0.7284
0.7335
0.7349
0.7448
0.7456
0.7458
0.7470
0.7476
0.7477
0.7477
0.7481
0.7483
0.7484
0.7485
0.7485
0.7487
0.7495
0.7500
0.7516
0.7570
0.7571
0.7582
0.7585
0.7607
0.7611
0.7623
0.7629
0.7635
0.7638
0.7639
0.7649
0.7658
0.7661
0.7669
0.7708
0.7720
0.7731
0.7734
0.7735
0.7745
0.7781
0.7797
0.7823
0.7846
0.7852
0.7863
0.7866
0.7869
0.7871
0.7874
0.7875
0.7875
0.7881
0.7887
0.7887
0.7889
0.7915
0.7952
0.7955
0.7968
0.8070
0.8100
0.8117
0.8123
0.8130
0.8134
0.8139
0.8141
0.8141
0.8141
0.8143
0.8148
0.8150
0.8152
0.8153
0.8157
0.8160
0.8184
0.8193
0.8205
0.8210
0.8210
0.8212
0.8219
0.8230
0.8232
0.8251
0.8254
0.8255
0.8273
0.8274
0.8278
0.8278
0.8280
0.8282
0.8548
0.8573
0.8574
0.8579
0.8586
0.8591
0.8614
0.8615
0.8615
0.8618
0.8619
0.8620
0.8623
0.8628
0.8706
0.8746
0.8774
0.8854
0.8892
0.8905
0.8939
0.8964
0.8973
0.8988
0.8991
0.9000
0.9000
0.9011
0.9017
0.9023
0.9023
0.9031
0.9032
0.9036
0.9039
0.9040
0.9041
0.9048
0.9051
0.9053
0.9053
0.9055
0.9056
0.9059
0.9061
0.9063
0.9064
0.9067
0.9077
0.9083
0.9091
0.9094
0.9095
0.9106
0.9109
0.9113
0.9117
0.9117
0.9152
0.9161
0.9161
0.9177
0.9178
0.9192
0.9194
0.9197
0.9198
0.9208
0.9209
0.9243
0.9403
0.9439
0.9476
0.9495
0.9510
0.9518
0.9544
0.9560
0.9593
0.9640
0.9641
0.9644
0.9653
0.9653
0.9657
0.9660
0.9668
0.9692
0.9703
0.9706
0.9721
0.9724
0.9725
0.9725
0.9727
0.9734
0.9734
0.9737
0.9738
0.9742
0.9743
0.9750
0.9757
0.9761
0.9762
0.9774
0.9791
0.9826
0.9848
0.9914
